13 13 13 13 13 13 13 13 13 13 13 13 13 13 13 13 16 13 13 13
5 13 13 13 13 13 13 13 19 13 13 13 13 13 13 13 13 13 13 13
43 46 16 13 13 13 13 13 13 13 13 19 13 13 13 13 13 13 13 13
30 13 13 13 13 13 13 13 13 13 13 13 13 13 13 16 13 13 13 13
13 13 13 13 13 13 13 13 13 13 13 16 13 13 13 13 13 13 13 13
13 13 13 13 13 13 13 13 13 13 13 13 13 13 13 13 13 13 13 13
13 13 13 13 13 13 13 13 13 13 13 13 13 13 13 13 13 16 13 13
15 13 13 13 13 13 13 13 13 13 13 13 13 13 13 13 13 13 13 13
13 13 13 13 13 13 13 13 13 13 13 13 13 13 13 13 13 13 13 13
13 13 13 13 13 13 13 13 13 13 13 13 13 13 13 13 13 43 13 13
13 13 13 13 13 13 13 13 13 13 13 13 13 13 13 13 13 13 13 13
13 13 13 13 13 13 13 13 13 13 13 13 13 13 43 13 13 13 13 13
13 16 13 13 13 13 13 13 13 13 13 13 13 13 13 16 13 13 13 13
43 2 13 13 16 13 13 22 13 13 13 13 13 13 13 13 13 13 13 13
13 13 13 13 13 13 13 13 13 13 13 13 44 13 13 13 13 13 13 13
16 13 13 13 13 13 13 13 13 13 13 13 13 13 13 13 13 13 13 13
36 8 13 13 13 13 13 13 13 13 13 13 13 13 13 13 13 13 13 13
13 13 13 13 13 13 13 13 13 13 13 13 13 13 13 13 13 13 13 13
13 13 13 13 13 13 13 13 13 13 13 13 13 13 13 13 13 13 13 13
13 13 16 13 13 13 13 13 13 13 13 13 13 13 13 13 13 13 13 13
13 13 13 43 13 13 13 13 13 13 13 13 13 13 13 13 13 13 13 13
13 13 13 13 13 13 13 13 13 13 13 13 13 13 13 13 13 13 13 13
13 13 13 13 13 13 13 13 13 16 13 13 13 13 13 13 13 13 13 13
13 13 13 13 13 13 13 13 13 13 16 13 13 13 13 13 13 13 13 13
13 13 13 13 13 13 13 13 13 13 16 13 13 13 13 13 13 13 13 13
13 13 13 13 13 13 13 13 13 13 13 13 13 13 13 13 13 13 13 13
13 13 13 13 13 13 13 13 13 13 16 13 13 13 13 13 13 13 13 13
13 13 13 13 13 13 13 13 13 13 13 13 13 13 13 13 13 13 13 13
19 13 13 13 13 13 13 13 13 13 13 13 13 13 13 13 13 13 13 13
13 13 13 13 13 13 13 13 13 13 13 13 13 13 13 47 13 13 13 13
13 13 13 13 13 13 13 13 13 13 13 13 13 13 13 13 13 13 13 13
13 13 13 13 13 13 13 13 13 16 13 13 13 13 13 13 13 13 13 13
13 13 13 16 13 13 13 13 13 13 13 13 13 13 13 13 2 13 13 13
5 13 13 13 13 13 13 16 13 13 13 13 16 13 13 13 13 13 5 13
13 13 13 13 13 13 13 13 13 13 13 13 13 13 13 13 13 13 16 13
13 13 13 13 13 13 13 13 13 13 13 13 13 13 13 13 13 13 13 13
13 13 13 13 13 13 13 13 13 13 13 13 13 13 16 13 13 13 13 13
13 13 13 13 13 13 13 16 13 13 13 13 13 13 13 16 16 13 13 13
25 13 13 13 13 13 13 13 13 13 13 13 13 16 13 13 13 13 13 13
13 13 13 13 13 13 13 13 13 13 13 13 13 13 13 13 13 13 13 13
28 31 16 13 13 13 13 13 13 13 13 13 13 13 13 13 13 13 13 13
19 13 13 13 13 13 13 13 13 13 13 13 13 13 13 13 13 13 16 13
43 34 13 47 13 13 16 13 13 13 13 13 13 13 13 13 13 13 13 13
13 13 13 13 13 13 13 13 13 2 13 13 13 13 13 13 13 13 13 13
13 13 13 13 13 13 13 13 43 13 13 13 13 13 13 13 13 13 13 13
13 13 13 13 13 13 13 13 13 13 13 13 13 13 13 26 2 13 13 13
20 13 13 13 13 13 13 13 13 13 13 13 13 13 13 13 13 13 13 13
13 13 13 13 13 13 13 13 13 13 13 13 13 13 13 13 13 13 13 13
11 13 13 13 13 13 13 13 13 13 13 13 13 13 13 13 13 13 13 19
13 8 13 13 13 13 13 13 13 13 13 13 13 13 13 13 13 13 13 13
13 13 13 13 13 13 13 13 13 13 13 16 13 13 13 13 13 13 13 13
13 13 13 13 13 13 12 13 13 13 13 13 13 13 13 13 13 13 13 13
13 13 13 13 13 13 13 13 13 13 13 13 13 13 13 13 13 13 13 13
13 13 13 13 13 13 13 13 13 13 13 13 13 13 13 13 13 13 13 13
19 13 13 13 13 13 13 13 13 13 13 13 13 13 13 16 13 13 13 13
13 13 13 13 13 13 13 13 13 13 13 13 13 13 13 13 13 13 13 13
13 13 13 13 13 13 13 13 13 13 13 13 13 13 13 13 13 13 13 13
13 13 13 13 13 13 13 13 16 13 13 13 13 13 13 13 13 13 13 13
13 13 13 13 13 13 13 13 13 16 13 13 13 13 13 13 13 13 13 13
5 13 13 13 13 13 13 13 13 13 13 13 13 13 13 13 13 13 13 13
13 13 11 13 13 13 13 13 13 13 13 13 13 13 19 13 13 13 13 13
13 13 13 13 13 13 13 13 13 13 13 13 41 13 13 13 13 13 13 13
13 13 13 13 16 13 13 13 13 13 13 13 13 13 13 13 13 13 13 13
13 13 13 13 13 13 13 13 13 13 13 47 13 13 13 13 13 16 22 13
13 13 13 13 13 13 13 13 13 13 13 13 13 13 13 13 13 13 13 13
1 16 13 13 13 13 13 13 13 13 13 13 13 13 13 13 13 13 13 13
13 13 13 13 11 13 13 13 13 19 13 13 13 13 13 13 13 13 13 16
13 13 13 13 13 13 13 13 16 2 13 43 13 13 13 13 13 13 13 13
43 25 13 13 13 13 13 13 13 13 13 13 13 13 13 13 13 13 13 13
44 13 13 13 13 13 13 11 13 13 13 13 13 13 13 13 13 13 13 13
13 13 13 13 13 13 13 13 13 13 13 13 13 13 13 13 13 13 13 13
13 13 13 13 13 13 13 13 16 13 13 13 13 13 13 13 13 13 13 13
13 16 13 13 13 13 13 13 13 13 13 13 13 13 13 13 13 13 13 13
13 13 13 13 13 13 13 13 13 13 13 13 13 13 13 13 13 13 13 13
13 13 13 13 13 16 13 13 13 16 13 13 13 13 13 13 13 13 13 13
16 13 13 13 13 13 13 13 13 13 13 13 43 13 13 13 13 13 13 13
13 13 13 13 22 13 13 13 13 16 13 13 13 13 13 13 13 13 13 13
13 13 13 13 13 13 13 13 13 13 13 13 13 13 13 13 13 13 13 13
13 13 13 13 13 13 13 13 13 13 13 13 13 13 13 13 13 13 13 13
13 13 13 13 13 13 16 13 13 13 13 13 13 13 13 13 13 13 13 13
13 16 13 13 13 13 13 13 13 13 13 13 13 13 13 13 13 13 13 13
16 13 13 13 13 13 13 13 13 13 13 13 13 13 13 13 13 13 13 13
13 13 13 13 13 13 13 13 13 13 13 13 13 13 13 13 13 13 13 13
47 13 13 13 13 13 13 13 13 13 13 13 13 13 13 13 13 13 13 13
13 20 13 13 13 13 13 13 13 13 13 13 13 13 13 13 13 13 13 13
13 13 13 13 13 13 13 13 13 13 13 13 13 13 13 5 13 13 13 13
34 13 13 13 13 13 13 13 13 13 13 13 13 13 13 13 19 13 13 16
13 13 13 13 13 13 13 43 13 13 13 13 13 13 13 13 13 13 13 13
13 13 13 13 13 16 13 13 13 13 13 13 13 13 13 13 13 13 13 13
13 13 13 13 13 13 13 13 13 13 13 13 13 13 13 13 13 13 13 13
13 13 13 13 13 13 13 13 13 13 13 13 13 13 13 13 13 13 13 13
13 13 13 13 13 13 13 13 13 13 13 13 13 13 13 13 13 13 13 13
13 13 13 13 13 13 13 13 13 13 13 16 13 13 13 13 13 13 13 13
13 13 13 13 13 13 13 13 13 13 13 13 13 13 13 13 13 13 13 13
13 16 13 13 13 13 13 13 13 13 13 13 13 13 13 13 13 13 13 13
13 13 13 13 13 13 13 13 13 13 13 13 13 13 13 13 13 13 13 13
